1625961188831154176
1625962734293770240
1625962728115535872
1625962621835804672
1625962614030319619
1625962594849660933
1625962560389275648
1625962443653390336
1625962435638177792
1625962430936350721
1625962408136114177
1625962322958188554
1625962314133389314
1625962279941406728
1625962273352155155
1625962258453897217
1625962242498854914
1625962230180204544
1625962197338796033
1625962179311595525
1625962138253623296
1625962083186622465
1625962034318671874
1625962026257317912
1625962017671548928
1625961573729665028
1625964463089123333
1625964421486100480
1625964384731430912
1625964378993606656
1625964352980529152
1625964340586352640
1625964273200496648
1625964248148082688
1625964192393228288
1625964138655797251
1625964087141183488
1625964037535313921
1625964023723294731
1625963907885170690
1625963844173709312
1625963834694594561
1625963754130403328
1625963689802170369
1625963535611187203
1625963351518896128
1625963285974597636
1625963168890494976
1625963157679210512
1625963079878967302
1625962932076150784
1625962901138800640
1625962879395717120
1625962774298873858
1625962647324688390
1625962608095334412
1625962574771589122
1625962566227820544
1625962554492166144
1625962545902133249
1625962534938312704
1625962532195418112
1625962528311320577
1625962520379899906
1625962460682326017
1625962451031191552
1625962447860539392
1625962445008252930
1625962426612191233
1625962419443974145
1625962412904939520
1625962406982680588
1625962401240678401
1625962388770914304
1625962381124796420
1625962375047249947
1625962363831611393
1625962353207509007
1625962346588897302
1625962330977697796
1625962308684902400
1625962286534762496
1625962261365022720
1625962236580691988
1625962224022945821
1625962215017676801
1625962204389421056
1625962167471144961
1625962159745208320
1625962153478955008
1625962130720653523
1625962111967920137
1625962105550565376
1625962098416140290
1625962073833328640
1625962066484797443
1625962050772996097
1625962043206500356
1625968065685979143
1625968002561703941
1625967729156177920
1625967698130743296
1625967488763658254
1625967471214690307
1625967364939415564
1625967326666555392
1625967302629019648
1625967252817457153
1625967249776410642
1625966776881217541
1625966743360507905
1625966729146015744
1625966690227077120
1625966545192058886
1625966406226550784
1625966310776766465
1625966146947104770
1625966012280569872
1625965917980233728
1625965883389607948
1625965756394491904
1625965628573057025
1625965552408592392
1625965500197994508
1625965386159239168
1625965372330414080
1625965293523664897
1625965284409413633
1625971141591400458
1625971138454081536
1625971134683545601
1625971134301872129
1625971041234452480
1625970987023110144
1625970585493700608
1625970518246424576
1625970360326782981
1625970359399854080
1625970099487211531
1625969844582580241
1625969769433255937
1625968912633417728
1625976777809035276
1625976727330586640
1625976599001661467
1625974621118889985
1625978944901242880
1625978944523493380
1625978575051718656
1625978572169965568
1625981453358997510
1625985432164134912
1625985114583756800
1625985026021265408
1625988174248828942
1625993304167878656
1626011861450907648
1626012451966779393
1626012751532552192
1626013619015282689
1626013582088409089
1626014068002680832
1626014479841386497
1626014392243347457
1626015240587468802
1626015196572446720
1626015166839025666
1626015129513992194
1626015104683634688
1626015065387290624
1626015045933989888
1626015044550164480
1626015540341776384
1626015899986583554
1626015850862989313
1626015726187298817
1626016242074099712
1626016154211979264
1626016855277043713
1626016766995595264
1626017719450587136
1626017672700825600
1626017653646041090
1626017479683104771
1626018368015970304
1626018847252787200
1626018840865050624
1626018813694312448
1626018765048791041
1626018751597666304
1626019637954768896
1626021021214973953
1626021285342986244
1626021271669719040
1626022012509626370
1626022762434158593
1626023213062037506
1626023542587543553
1626024654514311169
1626025095729926144
1626024992378060800
1626024978633334784
1626024913197797379
1626024903597260801
1626024849369083905
1626025756773212162
1626026270596165632
1626026384119193604
1626025951724244993
1626025942312181760
1626025941108678657
1626025907516493824
1626027156013826064
1626027461761765377
1626027402949263362
1626027284372103173
1626027809478004737
1626027800439185408
1626027631786196993
1626028320209903617
1626027986884640768
1626045210450067456
1626045387810430978
1626047081625567233
1626046614988279808
1626046591063756800
1626046590686461952
1626046564094611456
1626046548718288896
1626046534226972672
1626046477595447297
1626046455273394176
1626046440190648320
1626046424512368640
1626046411237388289
1626046398096605186
1626046379373244417
1626046363338432512
1626046334091554816
1626046314013429761
1626046301610852352
1626046278353444865
1626046262733848576
1626046243989524482
1626046221923287041
1626046200750436352
1626048639050162177
1626048538584158208
1626048430396280833
1626048272795156480
1626048235126067201
1626048194311487488
1626049430674886656
1626050801763512320
1626050579502956544
1626050502155796480
1626051521304723460
1626051307550420993
1626051299254091776
1626050925650669570
1626054195521683456
1626054123383844864
1626054104639483905
1626054040458235904
1626054581661863936
1626054570500849666
1626054266845794304
1626054239868063744
1626055728850157568
1626056252697501696
1626056192635338754
1626056165460426752
1626056125798924288
1626057367753457665
1626235448157949958
1626235447038070784
1626235446866104325
1626235431712071683
1626235420353896449
1626235388015812613
1626235366670999556
1626235348996210696
1626235296626135047
1626235296202514433
1626235272605372421
1626235235775164421
1626235189210005507
1626235178237702146
1626235166095200261
1626235151440289793
1626235132406558723
1626235109954457600
1626235100584357892
1626235093005246471
1626235090144743425
1626235066061033481
1626235045135650816
1626235032930254851
1626235015456759809
1626234996188151817
1626234977083084802
1626234971869560837
1626234931306430471
1626234912344018945
1626234885554987009
1626234833835016192
1626234817523380225
1626234815828865027
1626234790386233344
1626234761093185536
1626234732538396674
1626234687583825931
1626234613898293249
1626234610035326976
1626234571498065922
1626234553152204802
1626234546458066947
1626234507006480385
1626234489537175554
1626234465667403779
1626234438513496069
1626234384113373187
1626234362554617861
1626234318652866562
1626234301326184451
1626234289083027460
1626234271143968768
1626234225375735810
1626234215900790789
1626234135953149954
1626234122275520517
1626234083478212611
1626234019053735940
1626233970202644481
1626233904238837761
1626233854859288580
1626233797053390849
1626233753294213120
1626233355485462530
1626233338884403201
1626233328868417536
1626233322535030787
1626233306592460802
1626233214766575616
1626233143031394307
1626232920485810180
1626232911187017729
1626232908464943110
1626232847630733319
1626232761777541123
1626232716994940928
1626232682849128451
1626232567153430528
1626232457581453314
1626232354703552514
1626232337444003843
1626232287502401547
1626232212483080198
1626232206464274433
1626232176764407808
1626232110557327368
1626232025744289792
1626231948774612992
1626231948460056580
1626231948279697410
1626231863185649664
1626239735697149952
1626239729305026561
1626239717057363972
1626239715182809088
1626239708349997056
1626239624199954432
1626239568944173056
1626239511674880000
1626239493656436740
1626239477462224897
1626239417273974785
1626239281592401924
1626239264232214531
1626239176797753346
1626239160964239360
1626239077984124936
1626239032480108544
1626238966151385091
1626238937453969411
1626238933225832449
1626238906604883973
1626238899810107394
1626238875382460417
1626238773397975040
1626238723896782883
1626238698894536707
1626238681580204032
1626238525481029632
1626238492446703617
1626238294882131969
1626238089688494081
1626237955663892491
1626237810918440962
1626237758288314368
1626237744199639040
1626237743608238082
1626237726277394437
1626237710267740160
1626237586049204226
1626237565505531905
1626237497511653384
1626237340007137290
1626237292116606978
1626237280330592256
1626237038235353096
1626237014352994305
1626236927983882242
1626236887286571012
1626236815412973571
1626236776665980929
1626236687809658882
1626236654037123075
1626236629932457987
1626236595539173377
1626236478937530371
1626236456514777090
1626236445672488961
1626236438059827206
1626236429843202048
1626236415192485889
1626236278743396357
1626236272988786688
1626236263060885505
1626236250662522881
1626243078012149760
1626243077554798593
1626243060366442496
1626242990544150530
1626242774348730369
1626242677598724101
1626242639942062080
1626242428536782848
1626242099095146497
1626241965179150337
1626241855548686337
1626241835969413122
1626241821046104064
1626241812527718402
1626241722052395009
1626241683745824768
1626241650593869824
1626241578942754816
1626241379541164037
1626241225002217472
1626241202281390081
1626241108899504128
1626240995947073537
1626240991052308480
1626240963063709702
1626240940644892672
1626240801876619264
1626240792976314370
1626240694863142912
1626240623669030912
1626240576755564544
1626240511379148800
1626240240477167616
1626240238006988801
1626240207715721222
1626240167425216513
1626240119731527680
1626240050714517507
1626239914353516546
1626239882317398019
1626239843452997635
1626239803581956098
1626246286105276417
1626246282774732801
1626246272733544452
1626246228609765403
1626246137794695169
1626246126021103618
1626246121612800002
1626245748055752706
1626245747900395520
1626245737011900417
1626245722080264192
1626244918824820737
1626244827011481600
1626244790558900224
1635119042393698306
1635119025117360131
1635119008172367872
1635118993832026115
1635118992389189632
1635118983035883521
1635118961611386881
1635118947229134849
1635118923778785281
1635118913821491201
1635118913217507328
1635118892791271425
1635118877800800257
1635118873006718976
1635118853159284736
1635118850600767488
1635118809286860800
1635118784267816960
1635118782002921473
1635118767884869634
1635118749736124417
1635118740248592384
1635118725379809280
1635118704559263744
1635118691489841152
1635118688071467013
1635118686972551168
1635118664113594370
1635118643788001280
1635118643175657473
1635118629137293312
1635118614746656774
1635118599487770625
1635118598065909761
1635118573269180417
1635118536866820098
1635118519091331072
1635118510144880640
1635118481296470017
1635118461910401026
1635118444378210304
1635118428817338371
1635118254875377665
1635118061429882881
1635117999295455233
1635117918768996354
1635117838221598721
1635117772165226497
1635117632251912192
1635117490782236672
1635117408229920772
1635116828837158915
1635116772113403908
1635116319795449856
1635116240938340354
1635116192578011138
1635116069009641474
1635115959966126081
1635115881259995136
1635115822158077952
1635115766017318918
1635115653928734722
1635115622194647044
1635115548169363456
1635114796654948359
1635114682670551047
1635114648931545089
1635114628333334529
1635114579251593217
1635114262560657409
1635114152242081792
1635114115860680705
1635114080909545475
1635114071526895622
1635114066787307520
1635114020696117248
1635113846238216192
1635113793763278850
1635113643217145856
1635113629623410688
1635113611256528896
1635113561436622852
1635113540884508672
1635113305852477440
1635113266841280513
1635113177909460993
1635113032979460099
1635112705215574016
1635112656075124736
1635112597233209344
1635112567126499328
1635112541981667330
1635112526009765890
1635112416232247296
1635112324259524610
1635112316017725440
1635112298540044294
1635112121548836869
1635111858482053121
1635111838940823552
1635111445808685056
1635111373431787521
1635111357468258307
1635111321145577472
1635111291219238912
1635111224122970112
1635111080208003072
1635110916248457217
1635110839727570945
1635110807716634624
1635110690515226625
1635110689986711553
1635110541621620737
1635109884349018113
1635109602512760833
1635108566972665856
1635108492943187968
1635108412123140097
1635108254895456256
1635106321455546370
1635105795443683328
1635105691080998913
1635105322594603008
1635105263043870721
1635105237018234880
1635104611957882881
1635104553048891398
1635104505238007816
1635104311763156993
1635104246373941251
1635104102433837056
1635104069672108034
1635103906513711110
1635103891938476034
1635103734442389504
1635103695871557634
1635103548198506496
1635103446922838017
1635103350231564288
1635103201874812928
1635103158258241537
1635102704115625984
1635102571323850754
1635121914502066178
1635120928358297602
1635120871982637059
1635120781167570946
1635120763190808577
1635120707079401472
1635120686279819264
1635120633230262273
1635120508500062208
1635120423087259649
1635120353302433797
1635120339163439106
1635120104320143360
1635119328201936896
1635119254675791872
1635119232068493314
1635119188850401286
1635119114359554049
1635124496758890501
1635124395533533184
1635124293326757890
1635127170271186944
1635127149282885637
1635127007486046209
1635126905476386817
1635126592535142400
1635126358350364672
1635126284891344896
1635126249457881089
1635126011267518465
1635125932875984896
1635125693800677381
1635125454314311680
1635124838783410179
1635129640347119617
1635129620881362944
1635129579986907136
1635129579085119490
1635129521140801538
1635129484897832960
1635129433140113408
1635128221615419392
1635128152593944580
1635128082318393344
1635127982468767746
1635127527529410561
1635127508353044480
1635127484390998016
1635127462018572288
1635127439344177154
1635127418930475009
1635127393601077249
1635127360826785797
1635127322029481985
1635127299640287233
1635127257806290945
1635127244275470339
1635127240039219201
1635127220929986562
1635131980957499392
1635131751629742086
1635130949586550784
1635130919869886466
1635130905231753216
1635130855218872320
1635130817344339971
1635130792484667394
1635130781822754818
1635130740546621440
1635130713363324929
1635130693616566274
1635130615787053056
1635130560099282944
1635130492076060672
1635130415676809216
1635130375830917121
1635130366959943681
1635130349343866881
1635130312287203330
1635130289453436928
1635130278527262721
1635130255009783809
1635130241084719104
1635130185296273409
1635130146628968449
1635130137879662600
1635130057596481536
1635130025354854403
1635129996456116224
1635135119320293377
1635135051309658114
1635134629530439681
1635134221722464258
1635133294395404288
1635136301912719360
1634388978957971456
1633252771569827840
1631888441821773824
1635366752438874112
1635366747531534337
1635366743874088961
1635366743635038208
1635366602131787776
1635366522381303809
1635366357247348738
1635366235910324224
1635369629655920640
1635369525599424513
1635372330259189760
1635372188680474625
1635374599511891968
1635374308670443520
1635374224104882176
1635375689024307200
1635375688671977477
1635375668786782209
1635375627493838850
1635375558719848449
1635375306239545344
1635375277714079745
1635381305595813897
1635384073958080512
1635384048536424449
1635386782937387008
1635388876520042497
1635395665361801217
1635397288133812224
1636433700228407305
1636431246308851721
1636429559737487360
1636435090577211392
1636435075536683009
1636435035510194188
1636435005118484480
1636434963573911553
1636434914672533504
1636434912634109952
1636434893277388801
1636434892367200257
1636434873995935744
1636434873555582976
1636434864915267588
1636434830115127315
1636434789681987584
1636434772732854272
1636434760900722720
1636434742416637952
1636434731309907984
1636434701500968960
1636434686028427264
1636434663454695424
1636434655346868237
1636434640797069312
1636434631020146689
1636434616650465280
1636434605459816482
1636434563600637953
1636434554255753228
1636434541190742017
1636434475902197760
1636434336722612224
1636434205336047617
1636434106698592256
1636434101308620805
1636434097953226764
1636434068870160386
1636434035936473088
1636433940239237120
1636433889177788416
1636433691034677249
1636433294853062658
1636433243414351873
1636433172203290625
1636433149839196172
1636433126472777728
1636433111259987976
1636433057228963850
1636433020642050052
1636432989591617536
1636432953319276562
1636432904443273217
1636432842992304146
1636432799543509003
1636432752349159424
1636432680563687446
1636432527110881287
1636432508932767755
1636432457426714650
1636432365013614595
1636432191419990016
1636431924058275841
1636431740481748994
1636431699604062211
1636431696529874944
1636431679752491013
1636431641819136013
1636431620126408710
1636431540790935564
1636431528694808577
1636436383437864980
1636436265217212423
1636435887113519104
1636435844205793281
1636435818679263232
1636435780670242829
1636435757320802305
1636435747485126658
1636435533160402946
1636435515137224706
1636437439970459679
1636437116937748508
1636436992807297024
1636436834673922048
1636436789966798849
1636436768294834180
1636436724690862080
1636436689663950849
1636436520751226882
1636436492418707458
1636436477398876160
1636436471887347744
1636436404925517824
1636435805379121157
1636438480724320256
1636438474705477632
1636438408951218177
1636437783660118043
1636437772335497235
1636437758808866827
1636437742144966657
1636437714290524174
1636437701787303951
1636437686960439311
1636437670216728578
1636437558061088781
1636440318437642240
1636440272178667521
1636439732120068096
1636439618974547968
1636441565307519000
1636440948644380672
1636440761104252959
1636440415745495040
1636440407751151616
1636442906109067280
1636442862379253773
1636442765692375040
1636442572523724800
1636442334337351713
1636442005248065543
1636441960578727989
1636441638619975680
1636444133278756864
1636443955326795785
1636443948808847383
1636443830797910036
1636443787479359488
1636443681791279104
1636443534399029282
1636443432246992896
1636443363179126784
1636443325749182504
1636442996441792534
1636445305804562439
1636445239765356545
1636445159335272460
1636445121318101007
1636445111989968904
1636445094302879744
1636445075000401940
1636445012480106510
1636444976190988307
1636444622032388128
1636444550309789700
1636444508287057954
1636444498308808714
1636446434651152397
1636446412073213970
1636446402728304663
1636446370088484864
1636446363956158479
1636446325448253446
1636446145290313741
1636446049723138049
1636445991548211200
1636445958241124357
1636445927173922820
1636445683161899009
1636445531495866387
1636445482351308801
1636445443780386826
1636445371122458635
1636447766737215488
1636447732838825984
1636447333859598337
1636447186954207236
1636446879620923392
1636446792047788032
1636446754513240064
1636448924318695425
1636448477944094726
1636448119066877954
1636448090096893955
1636447986166435840
1636450094643044352
1636450039768707072
1636449998240882699
1636449647014170625
1636451316636459020
1636452161604444160
1636453582210990080
1636453409850007573
1636452819870810113
1636452774815604743
1636452606510768128
1636454595600719894
1636454548645744640
1636454298640068608
1636454228469354496
1636454207409786880
1636454108533235712
1636454036563165184
1636453905683849238
1636455957684166673
1636455661373366281
1636455616532062224
1636455434893533186
1636457217724489729
1636457165253664769
1636457122803380224
1636457105774481409
1636457019904520193
1636456963369484289
1636456947582132224
1636456931031408641
1636456917617737728
1636456900626907136
1636456883178598400
1636456739741507600
1636456462233772034
1636456240157958157
1636456097627377670
1636463385008021528
1636462855397449752
1636462613122146304
1636462111306948629
1636462084593426438
1636462059087863832
1636462055409459206
1636461995456176128
1636461898286637077
1636461835762147343
1636460783042174998
1636460439801585665
1636460028482691096
1636459983742050321
1636464522843004952
1636464272728285184
1636464238368530458
1636464161894064131
1636464060823642143
1636465042626576384
1636465011035082753
1636464969427595264
1636464903291826178
1636464873209987072
1636464861772128265
1636466188237545484
1636468168796565504
1636467976403660802
1636467586941460497
1636467225401110528
1636469293658275842
1636469246904479744
1636468500444368896
1636470650872233986
1636470033881636864
1636471762014593024
1636471115890524160
1636472246716846080
1636471913852665865
1636471907691241472
1636473871984369664
1636473806859513856
1636473087742083074
1636475317186428929
1636475258428436484
1636475205265809408
1636474871772491776
1636474455688986628
1636474330707030017
1636476534461702146
1636476386733850624
1636476090033029121
1636476045015785473
1636475803448881153
1636475776617857024
1636475758372691969
1636475734960099328
1636475504357257220
1636475425919516672
1636477751950450691
1636477075321413632
1636479416657403904
1636479228932931585
1636482513068781568
1636482483687665664
1636483733606871042
1636483248271368193
1636483053307543552
1636484909094125572
1636484874243567616
1636484085550915586
1636483821637074945
1636486244061331457
1636486215049568256
1636486154458394626
1636485813021159424
1636485340125855746
1636485048986681346
1636487362967662594
1636488567697420290
1636488431357378572
1636488086845571076
1636489242904780801
1636491737827819522
1636492714760978438
1636493628804849665
1636496369161576450
1636496319178248192
1636496303097286657
1636496276178235392
1636496230636453889
1636496683117985793
1636496612322148352
1636496529367392257
1636496047328440320
1636499185603076098
1636500869729615879
1636502220765110275
1636501457309515778
1636501123262730240
1636503091955798017
1636502991116337154
1636503682832384001
1636505254513500168
1636504993841971201
1636504975588335616
1636504957477326848
1636504912141119488
1636504877735219200
1636504846533791744
1636504824832471040
1636506096390094848
1636505413477625857
1636506256075632645
1636508077821411328
1636510700011941890
1636510163216764928
1636511529922334720
1636511309171662851
1636513006031982594
1636512855955759104
1636512422381887488
1636512390597541889
1636515328791543808
1636515320772050945
1636517843490729984
1636517629929091075
1636518958294786048
1636518469209403392
1636518269208371203
1636518111951167488
1636519181255581696
1636521365296611328
1636521167333863424
1636521067542986753
1636520703812935683
1636520640806105088
1636521866687926275
1636524246490030082
1636523883305263105
1636526960909385728
1636526521648295938
1636528657140264961
1636528526177501184
1636528338012340224
1636528226783707138
1636529066051354625
1636528996585287682
1636528996560306176
1636528945817329664
1636528904734113795
1636531907092676611
1636533438953172992
1636533356673286144
1636533356769988608
1636537023124193280
1636536778839711744
1636536201774526465
1636537999298031616
1636539455996608515
1636539384248844288
1636539255332786176
1636538913807294464
1636538697410818048
1636540715470659591
1636540037071532033
1636541972403060737
1636541766416453632
1636541629652664320
1636541394096644097
1636721483098755072
1636721462655500290
1636721360339894272
1636721171768164352
1636721124842131456
1636721102817828866
1636721079489282051
1636721042860441600
1636721022127968259
1636720997389967360
1636720982751858689
1636720949105168384
1636720940343242752
1636720924375547904
1636720891903225857
1636720870684250116
1636720866238271488
1636720846000754688
1636720827436781569
1636720808663060481
1636720791856508929
1636720773611286528
1636720751930638337
1636720739335413761
1636720731424968704
1636720714580660226
1636720697979592705
1636720683689578496
1636720668153896960
1636720653159268355
1636720634381369352
1636720607386800130
1636720590362140674
1636720575522705408
1636720562402906114
1636720532111626240
1636720511886712832
1636720496728510464
1636720474989424641
1636720469356449792
1636720459072045058
1636720442802307073
1636720383666839552
1636720370278604802
1636720355787292675
1636720339244978179
1636720334488633344
1636720311839379463
1636720311134740481
1636720294776942592
1636720267753046020
1636720253706305536
1636720240880160768
1636720220826894340
1636720211683606528
1636720206885314560
1636720134617444352
1636720101117534213
1636720095954366464
1636720082654224385
1636720034138423296
1636720028644159488
1636720002341699584
1636720001242759169
1636719941759156225
1636722128803479553
1636722072633196547
1636721711369568256
1636721534869082114
1636723197776363520
1636723179015254019
1636723161415962624
1636723135067361280
1636723121360183299
1636722973561290757
1636722832695775232
1636722724360933378
1636722649702498304
1636722372068687873
1636723984174821381
1636723955938791424
1636723924611497984
1636723847482286080
1636723824225034242
1636723591613132800
1636723566120177666
1636723296728391681
1636723227153297408
1636723211424661506
1636725273948307457
1636725185725300737
1636725093324804096
1636725024508858375
1636724875279626245
1636724854396264449
1636724421540069377
1636726364496859137
1636725936815996930
1636725665679515650
1636725665222254594
1636725637191745538
1636725517612359680
1636727377332936710
1636727344424685569
1636727336438489088
1636727314888245254
1636727289105862657
1636727136743464964
1636727090346340352
1636727053956313091
1636727024621432835
1636727001301254146
1636726970502504450
1636726847584206848
1636726789694435328
1636726567497007105
1636726516624265216
1636726439386005510
1636728517424738305
1636728424264880129
1636728076787937280
1636728047511433222
1636728030419898368
1636728029996015616
1636727960378941441
1636727680321159168
1636727601262886912
1636727566471151624
1636727453325438979
1636729518907068417
1636729446865735681
1636729273691279360
1636728936955559940
1636728913626898434
1636728864687939584
1636728579584131078
1636728556620517377
1636730545223680007
1636730545114689541
1636730544896475136
1636730324389339136
1636729941583708161
1636731074670723074
1636732862249705472
1636733973597507588
1636733640934850561
1636733295772803078
1636734854321836034
1636734204557033473
1636729285582151682
1636736437600043015
1636735978856681472
1636739857581047808
1636740693111771136
1636739097191673856
1636738823026806785
1636741597126860803
1636742557714780163
1636742548445184000
1636743187715829761
1636743102302912513
1636738975795916800
1636743673974075396
1636743530814279680
1636743504843128832
1636746023635763200
1636745687344742401
1636747444435181568
1636746827105177600
1636746752408842246
1636748407858511872
1636747694675746816
1636747597741268992
1636749578656714752
1636749361764761606
1636749317930209282
1636749266487242752
1636750984276848640
1636752210120912896
1636751858869096448
1636751856616579072
1636751441217064960
1636751313504702464
1636751171070164996
1636751111842410500
1636753194574561282
1636752738657746944
1636752480787898368
1636754625427812354
1636754525188149248
1636753893072982016
1636753545725874176
1636755629556613121
1636755486283550721
1636755466490638337
1636755084636983296
1636754953082634241
1636756977438294018
1636756872220020737
1636758191529926657
1636758173091794946
1636758056049557505
1636757446352928768
1636757036602884097
1636759288680177664
1636759259995344898
1636758950833004544
1636760517967769601
1636761709481455616
1636761688598011909
1636761655756623874
1636761589130076160
1636761528207826944
1636761316831510528
1636760691536429057
1636762232968339456
1636764017959075840
1636763331678683140
1636764901514289154
1636764338219368461
1636764310545260547
1636764292602302464
1636766548768571392
1636766515004579843
1636766027093622785
1636765678173667333
1636765481561640964
1636767770280067074
1636766933361250306
1636766907532738560
1636766852314705922
1636769043163279360
1636769004282073088
1636768985269301252
1636768358526861314
1636768192231096337
1636770162358775809
1636771431517401090
1636771224100679682
1636770937721765889
1636770906369572868
1636770874111188993
1636770539028070412
1636770373294493696
1636772675124330496
1636772672163004418
1636772632375836677
1636772604672368641
1636772592081338370
1636772577631780868
1636772568781955073
1636772564423917572
1636772535961550848
1636772524892602379
1636772524351537165
1636772521612656659
1636772502520336384
1636772490537230336
1636772434501304321
1636772423545569281
1636772404084064276
1636772386149376005
1636772374002683904
1636772370802425857
1636772362673868800
1636772350539579395
1636772340720627713
1636772333925941256
1636772316230172675
1636772304977006594
1636772286983290896
1636772272030744577
1636772256771719169
1636772235045396480
1636772223674466329
1636772116841529345
1636772061182935057
1636772008775258116
1636771960553086978
1636771905792360461
1636773910564986882
1636773626031611906
1636773614086242316
1636773602904231936
1636773591474913282
1636773578183155712
1636773566925484032
1636773554166398976
1636773535036194821
1636773522889658368
1636773508469473292
1636773496276795392
1636773484457082883
1636773466450849792
1636773447534620673
1636773413825159169
1636773401841762305
1636773391104458756
1636773374750867459
1636773363598213138
1636773352890322944
1636773331130273792
1636773309017907201
1636773280467271681
1636773268169568256
1636773258690281475
1636773248347299841
1636773229913047040
1636773220543086613
1636773209264603151
1636773197931761665
1636773187152232469
1636773175395778561
1636773164267995136
1636773152956227584
1636773141237190657
1636773130919350272
1636773120282329091
1636773105094869001
1636773095250821122
1636773084215623685
1636773074333839360
1636773064208965633
1636773052435382272
1636773042293719042
1636773030268485632
1636773018398605327
1636773007271108608
1636772996366098433
1636772985762910208
1636772974547316737
1636772962119593986
1636772951184883735
1636772941236174848
1636772930687320074
1636772920545492997
1636772909237649423
1636772898349236233
1636772887934775296
1636772876685819905
1636772863481872384
1636772851561775126
1636772836802019329
1636772824533835777
1636772812126814209
1636772801032994830
1636772788861124610
1636772776915914752
1636772765159006212
1636772753058545682
1636772741591318548
1636772729356718082
1636772716362731521
1636775186706972697
1636775056151052288
1636774896586965002
1636774521633132544
1636775537577279490
1636777502084599808
1636777420492775424
1636777348174430244
1636776566171791361
1636778745888481282
1636778739945328640
1636778408389787648
1636778287073574913
1636778229183971331
1636777577233760273
1636779958990405639
1636779924416610328
1636779889180262432
1636779865826562053
1636779282792951808
1636781113795395592
1636781107600408582
1636780853002113025
1636780827706290177
1636780700396404764
1636780425560440836
1636780174514716672
1636780154507919361
1636780102704050176
1636782369263976448
1636782265765339136
1636782120268972032
1636781925653422080
1636781905105555456
1636781892862349312
1636781873765715969
1636781862336233472
1636781850021752832
1636781832573444096
1636781795168649216
1636781734216990726
1636781713438437376
1636781686443876352
1636781664490897409
1636781623541915648
1636781580864868352
1636781559603937280
1636781482193854464
1636781431124008960
1636781338207596549
1636781311598952448
1636781298193956864
1636781269525872640
1636781236852236289
1636783546525421570
1636783464975589376
1636783373007073281
1636783342220869633
1636783289108430848
1636783195931967488
1636783164260745216
1636783016663220224
1636782977190608896
1636782961373876224
1636782942839279616
1636782920928227328
1636782909804937217
1636782905006653442
1636782889307365377
1636782872957980672
1636782819145056259
1636782792653811712
1636782759653023745
1636782736596934658
1636782719236730880
1636782703910739969
1636782693424959495
1636782644854935552
1636782630137110529
1636782610763640833
1636782564667949056
1636782503016140801
1636782495734824960
1636782478768902145
1636782421650841600
1636784921317613568
1636784904330711041
1636784465816215552
1636784146931671042
1636786017431879685
1636785990466691072
1636785990328274944
1636785931733835776
1636785853476511748
1636785827497013248
1636785779816173569
1636785683032584192
1636785666960031745
1636787360955514880
1636787327103279104
1636796698323464192
1636795983291101184
1636795339075371008
1636794897729748992
1636793025656389643
1636793022955552769
1636797781846130710
1636798951109324800
1636800807029833760
1636800182099509257
1636801547928469529
1636803306227113985
1636803273658335233
1636804471203168277
1636804324574494724
1636803697828036610
1636805730866192384
1636804754981388296
1636806459869495301
1636806135209394212
1636808045387997185
1636806999873826816
1636809314110242816
1636808595495895046
1636809921441435650
1636809919713140736
1636809500039471105
1636806837377876070
1636811360809160704
1636811095795982339
1636812557154680837
1636812284311003141
1636812056555864072
1636813918625738752
1636813556153741313
1636812948684324873
1636815113712746506
1636814764079980545
1636814426304299009
1636816418791636992
1636816339682639893
1636817688562655232
1636817670443085825
1636817644765495305
1636817627824701441
1636817448593702914
1636816761256329233
1636818909784358912
1636818240486637570
1636818138976141321
1636818121435799552
1636819852131463169
1636821175820009485
1636821051639500800
1636820279275012097
1636819603040129025
1636822435893788674
1636821706735009811
1636823668662898693
1636823298913779714
1636824849623678976
1636824534710927390
1636824223506153474
1636887947768217601
1636887924376760322
1636887919838511104
1636887915035869196
1636887825655418883
1636887804675526658
1636887804457418754
1636887797952045056
1636887786665000964
1636887786190929924
1636887748274696193
1636887739961311234
1636887674144399361
1636887591969595392
1636887272086749184
1636887222036353026
1636887084056326144
1636886986186461184
1636886973590949888
1636886956289437696
1636886941294825473
1636886932646162432
1636886927482982401
1636886886122770432
1636886685970575363
1636886667373182976
1636886637069373441
1636886590583902209
1636886540759760898
1636886506546634754
1636886442696687616
1636886422136270848
1636886355258249216
1636886338766254080
1636886329916289024
1636888964484456448
1636888940744699904
1636888667645165568
1636888655498448896
1636888429932974080
1636888206447886341
1636890024083099650
1636895959006461954
1636895777091121153
1636895503756701697
1636895244427071489
1636895088851709955
1636895080672894976
1636894962703900672
1636894935352786945
1636894902423285761
1636894902364545025
1636894890545098755
1636894889852936194
1636894671514349570
1636894641042620416
1636894636898656257
1636894502056075265
1636894468061241347
1636894464311533569
1636894464298868736
1636894330966163456
1636894302495285250
1636894289341947907
1636894289144733696
1636894128469602305
1636893701313286144
1636893661786181632
1636898155861266432
1636897495866376193
1636899463808663552
1636918127249473537
1636918080688500736
1636918033372581889
1636917988304773122
1636917931127996416
1636917618744627200
1636918360763150339
1636918216370040832
1636918503545659392
1636918452203171841
1636918843598860289
1636920129769586688
1636920739549925378
1636920870391169024
1636922064832536581
1636924314904858624
1636926408327823364
1636928795319107585
1636928211077722114
1636928193436487685
1636930361069297664
1636930229254987776
1636931486053203968
1636932730100551683
1636933938349240321
1636933394415140864
1636935061030285312
1636934963529658369
1636934484976185344
1636934175935668228
1636936135086854145
1636938221283319810
1636938872587427841
1636938849430454275
1636939535572512769
1636939363102904321
1636940583527915520
1636940493224558592
1636941379074142210
1636942790805315585
1636942778239451137
1636942745066414081
1636942716457340929
1636942561502797824
1636942542750220288
1636942513352179712
1636942479382462465
1636942289317646339
1636944021087227905
1636943582451073026
1636943549177667584
1636943469481705472
1636946262535860225
1636946126325846016
1636946115647123456
1636950011425730561
1636949963413520384
1637125381605187586
1637125338596773889
1637125299543633920
1637125240743686146
1637125205783900160
1637125202684391425
1637125163463618561
1637125147852419072
1637125134116085760
1637125109327749122
1637125106869870592
1637125089165742080
1637125083952021504
1637125070920511490
1637125045393960962
1637125045154639873
1637125026389303306
1637125021037625344
1637124988808597505
1637124980940083202
1637124731332698112
1637124684842926080
1637124667369750530
1637124603662462976
1637124594908684291
1637124578387574784
1637124486393724928
1637124468136099840
1637124441405792256
1637124389962661894
1637124348967518209
1637124326397734917
1637124303685648387
1637124272056328195
1637124249583329280
1637124238132781061
1637124226967564292
1637124202334674944
1637124181731995648
1637123917537218561
1637123863057162247
1637123533796163584
1637123507804061697
1637123384567013376
1637123166601609216
1637122990549917698
1637122658968956928
1637122409605238786
1637126463278432258
1637126448061517825
1637126388435042304
1637126373394509825
1637126280373051393
1637126240380538882
1637125457371099136
1637127375623454720
1637127349908168705
1637127010731319301
1637126851687481346
1637128727036403712
1637128428582494208
1637128211459977216
1637128092790472704
1637127841920978944
1637127801877966853
1637129833737232384
1637129539586494465
1637129320803213313
1637129176955117571
1637129125881151492
1637128928367083521
1637128860415164417
1637130022388658179
1637129986946793472
1637132120857657345
1637132109448896512
1637132046660411394
1637131964108124160
1637131853801873408
1637131556325314561
1637131546959429632
1637131359742472192
1637133248257200128
1637133232792641538
1637133179042639873
1637133061438726145
1637133039364104192
1637132932828786688
1637133482181771267
1637135077409984512
1637136588567371776
1637135563596734465
1637139071977033729
1637138946688962564
1637138874156863489
1637138793563295744
1637138782213541889
1637138748663275520
1637138513580916736
1637138364821536769
1637138001246720000
1637140268481904642
1637140204195827714
1637140131902521344
1637139976268959744
1637139903262920704
1637139895444701184
1637139879003045888
1637139876041695233
1637139843544383489
1637139829527056385
1637139804046643200
1637139768625754114
1637139712350752769
1637139700506050561
1637139678209122306
1637139667140370432
1637139626984108032
1637139410851606534
1637139302470782978
1637139281990025218
1637139266471092226
1637139253602979840
1637139240655126529
1637139128512036864
1637139097432240128
1637141433063997442
1637141418820124674
1637141340877373442
1637141143820595200
1637141053248614402
1637140945564209152
1637140740278202375
1637140727925981185
1637140719554150401
1637140709953380352
1637140697676681221
1637140481598693376
1637142491601444866
1637142350873894913
1637141974313766914
1637141906781257728
1637141897146945537
1637141884433989634
1637141871419092992
1637141860820082688
1637141835809456128
1637141824660979712
1637141761394110465
1637141728015810562
1637141718045954049
1637141559996211200
1637143766623739905
1637143605294026752
1637143251483516928
1637143014895407104
1637144903347232768
1637144425683124226
1637144036942413824
1637145784352378880
1637146995860340737
1637146838447841289
1637146192906792961
1637148379938521088
1637148104586858499
1637147782455672833
1637149580407066625
1637149449091956737
1637149146351304706
1637148586323464192
1637148550462046209
1637150377224159232
1637149986600423424
1637151914721681409
1637151488010256384
1637152774856101891
1637154441055858692
1637154390841741314
1637154374081232897
1637154355592691712
1637154324945018885
1637154285887582208
1637154271647989760
1637154249346801671
1637154221618343938
1637154207663894528
1637154110628560897
1637154095965392898
1637154046543818752
1637154027329708035
1637154008631500800
1637153992022130690
1637153975559507972
1637153957452693506
1637153681903611906
1637153426432729088
1637155123213357057
1637155074907467779
1637155057274703873
1637154986390855681
1637154950072369152
1637154928480206849
1637154910163574794
1637154890345598977
1637154845726498819
1637154829507129345
1637154750276804609
1637154713287229440
1637154694442237953
1637154676427612170
1637154639056363520
1637154608844865537
1637154585138569216
1637154577672798211
1637154548543287300
1637154535255814150
1637154517648277504
1637154487331594240
1637156647348105216
1637156425419083776
1637157801863835650
1637157796390264832
1637157764907798530
1637157738462728193
1637157703775834113
1637157694552576000
1637157650986332161
1637156933777121280
1637156837522046976
1637158552778448897
1637158156072779778
1637158148929912833
1637158128201666560
1637158105116200962
1637158085369413633
1637157918662590464
1637161173476073472
1637162288611491846
1637162900002422789
1637164643918712832
1637164540780503042
1637164436460015622
1637164179168669699
1637164014756327424
1637164753687805953
1637168157461970944
1637167423089508353
1637169398132928513
1637169378398732288
1637169331133108224
1637170630822072320
1637170497803759619
1637171517246124033
1637170954341171201
1637172283566354434
1637172112417865729
1637174180280954881
1637173603597680643
1637176481603522560
1637176304671031296
1637176271053688834
1637175993461882881
1637175967172165633
1637175280354615296
1637177509593890816
1637177498126675968
1637177409282744323
1637176975839117313
1637176771387990020
1637176746666762240
1637176732204802053
1637176712172584961
1637176704191037441
1637178930158501888
1637178038403178496
1637180172872081409
1637180128970043393
1637181354302656513
1637181185205112837
1637181157979684868
1637182313158017025
1637182224733978624
1637182204366430208
1637183713795772416
1637183700646633472
1637183672377040896
1637183613828739072
1637183203692666880
1637183175955828736
1637183066631200769
1637184322758402048
1637184094441459712
1637184002888192000
1637183326694809601
1637183005092626432
1637186099066941440
1637186027877175296
1637186862774386690
1637186479125581824
1637190211259047936
1637193135657979904
1637193124517916672
1637193119308427265
1637192117436178433
1637191948267319296
1637194947567972353
1637197297376440320
1637200247158890496
1637200510955528198
1637202413915439105
1637203455906578433
1637204986651201536
1637204543535546368
1637204087421927424
1637203970677673984
1637205379309268994
1637208580020649984
1637210411224256513
1637210183939022851
1637210146240593921
1637212123905290243
1637211937615360001
1637211272046575616
1637213144899629058
1637213034975309825
1637212747854225408
1637212615565795331
1637212587904335872
1637212565620006912
1637212546485682176
1637212524331368451
1637212506258112518
1637212485299191808
1637212463102939137
1637212441628098560
1637212398737137665
1637212294152159232
1637212266209714179
1637212232202289152
1637212205023100930
1637212180297728001
1637213463415062529
1637215564300156928
1637216731767644163
1637219226275704832
1637219224635715584
1637219046520401920
1637218609754959872
1637218586883420160
1637220387791716352
1637220189107556353
1637219680783073280
1637221617960120320
1637223888575954944
1637222947415900161
1637224760311701504
1637227404346228736
1637227021553266688
1637226688068354048
1637226663648919552
1637231041776611330
1637230211636035585
1637231234462937090
1637235611646959617
1637236943044988928
1637236414386413569
1637238139969314818
1637237946402185218
1637237667086893056
1637237221626355714
1637237117523730432
1637237092446097416
1637239324629508096
1637238670813020161
1637238628739948547
1637238512725491712
1637238395326824448
1637239744785534976
1637243952586981376
1637243738937495552
1637243436058443776
1637244587143049223
1637244532646346755
1637244156509671424
1637246124900720640
1637248853585068033
1637250054086877187
1637250034193293316
1637249729657548800
1637249665056776194
1637249274017906688
1637249160914272258
1637251198251065349
1637251180358430720
1637250604736061442
1637250287181201408
1637252034041876480
1637252017428258817
1637251998973313024
1637251975950774272
1637254079075454976
1637253687780458496
1637255388084183041
1637255976528015362
1637258105087221760
1637259499697479681
1637260617559027714
1637260458423095296
1637259616475127812
1637260815324594176
1637262255841763328
1637262228092231681
1637263661935853569
1637265289435041793
1637265159742955522
1637265095863697409
1637266425533575168
1637266397041672193
1637266191835078656
1637268677505728512
1637269788446662657
1637269136920428544
1637271182776111105
1637271115264593921
1637270965968142337
1637270916118847488
1637270892559384576
1637270834472427522
1637270771432128513
1637270753593769987
1637270729782697984
1637272226549633024
1637272148166451200
1637272016146534400
1637272006327668742
1637271991408541698
1637271826962460672
1637271772587520000
1637271761141272576
1637271718002823169
1637271688814690304
1637271606128164864
1637273401697120257
1637274237806280709
1637276638118555648
1637278010738085890
1637280468336009217
1637280461188927489
1637280455916670977
1637280438346743809
1637280399897534466
1637280380733763584
1637280278346608646
1637280257777733633
1637280211476815872
1637279974850981888
1637279915786797057
1637279864486268928
1637279852368908288
1637279821775642624
1637279766381461505
1637281221851107328
1637281122806796288
1637281109758328832
1637280869739266048
1637280717054042113
1637280569380978692
1637280557167181825
1637280543573417984
1637280507263336448
1637280499222872067
1637280480923127809
1637282354631958528
1637283251265114112
1637286980219273216
1637288001515421696
1637289214252560386
1637291149160480769
1637290981228941313
1637298367918120962
1637511842909257731
1637511813939056641
1637511777847070725
1637511769915523074
1637511755688742912
1637511736231329792
1637511715301781504
1637511693411688448
1637511649690267648
1637511645219147777
1637511638914932737
1637511599257788419
1637511592408645632
1637511562431991808
1637511555528142850
1637511484665397248
1637511455879872512
1637511349873033216
1637511293794959366
1637511286971043841
1637511236102545410
1637511231581061120
1637511217727279104
1637511194759290880
1637511187675123712
1637511140061364224
1637511137607446530
1637511047673413633
1637510962520416260
1637510893830541312
1637510717808209920
1637510503487373316
1637510212104986634
1637510198809206784
1637510007905460224
1637509963676532736
1637509911792762880
1637509868771856390
1637509791160619008
1637509751897735168
1637509734675939328
1637509644661968901
1637509466471141377
1637509358941765634
1637509320588886017
1637508836407009282
1637508675798458368
1637508507758100480
1637508448727490561
1637508150168551424
1637508123706441728
1637513092849360902
1637513089070563329
1637513059622359041
1637513036004044801
1637513013052801025
1637512939057078272
1637512925173944320
1637512822333513728
1637512773017169921
1637512452945457158
1637512338466295808
1637512172820643840
1637512152394211328
1637512148695015426
1637512141736644608
1637511931870453762
1637514432556277763
1637514431411154946
1637514415460462593
1637514389350752258
1637514190112866304
1637514131501903872
1637513870645555200
1637513634011045889
1637513629112082433
1637513614201585664
1637513603866853376
1637513585818587138
1637513474484862977
1637513341433262086
1637513289059176448
1637515656454348800
1637515566364741635
1637515403227463683
1637515338530037760
1637515254832701443
1637514631747973122
1637514514009845761
1637516953248997381
1637516829483737088
1637516748051316736
1637516703671123968
1637516390092640261
1637516270860922881
1637516254956101632
1637516246513258498
1637516065184837632
1637516018007306242
1637515828420657152
1637518781185683456
1637518739259158529
1637520129650053120
1637519783787655169
1637519695006912513
1637521004863066112
1637522879100391424
1637522859953209345
1637522370465505280
1637523913176432641
1637523752874393606
1637523112278327297
1637523056708005889
1637525409444012035
1637524822128304130
1637524801169358848
1637524337770000386
1637524221684326407
1637526138879721473
1637527779599175681
1637527027237502981
1637526753554956291
1637529082064965632
1637527871232065540
1637531158102818816
1637530877969195010
1637532663350276102
1637532492948463617
1637532358588137472
1637531526777933825
1637528078615298048
1637533695329411072
1637533542392397827
1637533539616055297
1637533350247161858
1637534915389534212
1637534694727208960
1637533940239171584
1637536202860675073
1637535209775329280
1637537447717535746
1637537400120545281
1637537019642662913
1637536893922574336
1637539568353247232
1637539144560721922
1637540954474422273
1637540514521128961
1637542144297799680
1637541977108480001
1637544228766220288
1637546945995497472
1637546748305461254
1637546528280641536
1637546482239954944
1637546326589308928
1637547382618439682
1637549250744578049
1637550516946477056
1637550395462496259
1637549437256957954
1637552409538084864
1637552291229368320
1637552077227393025
1637554022843547648
1637553682593067009
1637553632596901888
1637552964326785024
1637555250570874881
1637555229678878721
1637555188272885760
1637560233076637696
1637560003568766976
1637558723274067970
1637558426560544769
1637556006157971459
1637561452432359424
1637561234567331844
1637560842144342016
1637562793065955328
1637563262567890945
1637565196037242887
1637564870853013504
1637564187365842944
1637564117161582601
1637564012861747201
1637567376378978306
1637566430504796161
1637568780371935235
1637571216994181121
1637570895593058304
1637574796606308353
1637576138724716548
1637576136640303104
1637576089961627649
1637575930028621826
1637575840992034817
1637577400639684611
1637578464088797188
1637580527615242241
1637582389177376769
1637585873666449408
1637588108823916545
1637587536750215168
1637588684777357312
1637589916581531649
1637591645414731776
1637602884803256320
1637602671623561216
1637602424688087040
1637603658769784832
1637603374207238145
1637605057414701057
1637604668108066819
1637604651401990144
1637604613787648001
1637604388327010304
1637607648831893505
1637607640321630211
1637607507907735552
1637607438420688896
1637606894796959744
1637606879282200576
1637607980781953026
1637607841149091840
1637607773914664960
1637609994211192833
1637608892858503170
1637611225868644354
1637611122072203268
1637610785261101061
1637610600716009473
1637610322285527041
1637610296020721664
1637610201221144577
1637611661669601280
1637611297758953472
1637613608237699072
1637613312710959105
1637613312606126082
1637613159484645378
1637613004299681794
1637612910787608579
1637612702829797376
1637614578765910018
1637614527800909824
1637613773128187912
1637615906158149632
1637615295798956034
1637614984090796033
1637614829274902529
1637614818306957313
1637616878637010947
1637616060764389376
1637617773584220160
1637617663387250688
1637617425184088065
1637618783320952832
1637620731004735488
1637620672582017028
1637620636746158080
1637620621793460224
1637620571596009472
1637619989409832961
1637619781535932417
1637619699277254656
1637621851848417283
1637621750774243328
1637621052850200577
1637623101570813952
1637623590551003136
1637625453321256961
1637624855851061248
1637627692463038464
1637629080597061637
1637628873339699200
1643659518226862087
1643659513139200005
1643659489025851417
1643659485444182017
1643659456276725763
1647278869270110208
1647278808209428480
1647278806523318272
1647278791973281792
1647278781420408832
1647278776554848256
1647278761736392705
1647278733093400579
1647278616122900482
1647278572019539970
1647278475680595968
1647278414179766272
1647278342016753664
1647278242217480193
1647278228137017344
1647278159623249922
1647278156318126081
1647278123103428609
1647278073912369157
1647278054958592000
1647278016547164161
1647278014517108736
1647277943197175808
1647214455598505986
1646972893069291522
1646909976290418691
1646903765641973760
1646900746615496705
1646848323012239360
1646683784845074434
1646621841367134214
1646600448332251137
1646540053840003072
1646487250971107331
1646249403257061378
1646182074150268932
1646121516852031488
1645880692071452675
1645858865798578176
1645830381487128582
1645776259828314112
1645515785853435904
1645464260561055745
1645394986471497728
1645164727222390784
1645095517133602817
1645049449511624704
1644793528386560003
1644733132229230594
1644677762685313024
1644432398942105601
1644373279493222401
1644307828973219840
1644101143788679168
1644092549009756167
1644067840960483354
1644022312281186326
1643950492496560133
1643783818745348096
1643720279988813826
1643647902122737664
1643589345050259458
1643372460547424257
1643340203325571077
1643290067195027471
1643220666286481408
1642981587338788865
1642975037039730689
1642970401256124418
1642938297361088527
1642936282992066586
1642860799952576516
1642614180623572994
1642570125353144320
1642504700967673857
1642253044015411208
1642201447683989504
1642139761535078401
1641894420202115093
1641836544708182018
1641774907502501888
1641533307711004682
1641467868322603011
1641408736014094338
1641183548336906240
1641123217459822593
1641052631647891456
1640811928065921052
1640743045653045248
1640688998862430209
1640446129920679948
1640388259132981250
1640377288574287872
1640369995115798530
1640331631981387776
1640085002053361664
1640025864011227137
1639964203887861761
1639721352213979137
1639663504234885121
1639608110334746624
1639353910552064002
1639299867339276291
1639234367305449472
1647334766109405185
1647334766025269249
1647336491188736000
1647336478207246336
